63
5446451926306929184
557656594646407203
10499547560879971847
11471768697941728779
1800550598104544683
12288939919123517638
903083450935838094
7645748886449264723
1538841614740500140
3061296530098391752
3371360394415736351
13032470398724603083
16697691503189292697
18211172248877594033
4788896239397209318
14672135921687321112
6484917984599665867
9437062674900873884
13934848458879539508
12519132636795375364
14823198846740614687
11331152390203220620
6857062886137381789
14673377725586991993
5910586554182370813
11117995564119841547
2466998580554811380
13090443530673679509
3303617944477495159
3939152416015758513
16335261310142091053
7920209796862238451
15595316288274717084
8023013217647770455
9442360944277656055
1269001089718231165
13918735575294818625
6057976618680643097
12230647728076845477
11141159772024522040
6982421436738255740
1835536499267125168
11891291423689780210
11355231471306259588
5438960622734546334
6321825197530727623
10449732947324888747
7170865856965800341
11068635742574817204
4532993841745672576
6949834892911066948
8423577118673111542
3206534542719466040
3715781445901274571
1325587867004655927
12755898552644028025
14221557377835588086
9755627724157860339
4774844993476846571
908978794854691932
3376807924350659558
8779708824968332937
17748973950436108317
17887867916310461432
16415818880129884205
13586132578100492781
12815747989122530258
10142493061224537963
16202261112765453599
5650692220572248661
17701408391494460577
3809681450091723233
3615801266355838590
9256583529837196040
9646369554248417226
13051939310633114705
2801499118213626389
5843124191849132145
11251881295758666919
684335533888763416
14076554747925730600
15229026220823928349
8159275482519726019
8429886085546145167
11362284696799398142
11964339955367778803
13232972194081515359
4018474307229507024
8321714779577636955
11388474573553475112
468832242534236867
14762006418374909618
2514985226459083450
10838945290748669238
8059339541572946161
4016653634807887673
570995626988462264
5415157516914426883
13714299300803586597
4782257159259036
4183163769118407560
18216143974314732726
3759358938716361797
917333919421426095
5558716932509783561
7322641819668912257
17862735312834285255
12577269855734266424
7468601987601389653
14259536479786071804
3462150411760208450
11336857950381985202
3393221353540234803
17180724031961670917
13020122822114697463
6406881417628386440
8121035080682418334
9329525904154247510
6005129191954845248
15789955783829458078
15875998839093143713
2040729350521530412
17590255034118815209
2656290671754056289
1463133074183711807
7317894088723956320
7254801755043143398
15009096586794812927
17259626381790514265
15743453269336562842
15618584106763665020
11084836128179029084
10912149970894533347
133156897638787769
18266359707262221919
14915687092146516778
3746479036766018036
11382126166985175060
15366774207021511563
10588425620499093984
8201502228868374698
9202495190226838862
6014164597074553597
9750316715951483163
7179843974527796441
15251802364741425660
4187771946150075579
7925784831628567018
14918222613625702757
5251292124737530849
2277575153728983767
9497042616995022949
17214411623803655088
5435393418178263782
6228241543683174536
6525578689909663290
1540502439203280087
13356961726334435437
2617815818737070682
9238144911003880574
16357496777383996113
17110391781738260585
2711578844948296705
15918793937102183295
263644715416535943
282207063604899329
10160280152045963336
8176123255863493784
18442628938465138766
1606910080197145066
9348511089610790938
452567969487765924
10972685698892168740
3871842680008669842
9786124223610784311
17915078450639437920
2237451483854827491
4094971882539255064
2238099879527260816
2741088587983056515
15249757222347416322
5849906451529289742
12141747406434467408
2567126911214824877
12250771800591421592
15432077196159281963
8403456215474121988
12622311049233188343
4766286214130790002
6522590513084532729
5220624450579906804
507607456996544292
16694903234755291710
6209137523154013780
4444587595053916652
14563218079111914563
7351550768116972880
15184936470472357092
1764375346518850046
13434635595959292894
5817270740016182748
4278555624071693087
16481174945339773702
7600620419008475551
2056585717754032704
6971437228530881081
14691056422244495524
2718632360093689083
6555020578268834501
6160434802896263849
12781842481992338435
13540463814994803390
579312766009435153
11979304835864670648
2124690432923139449
15593853680929811095
169567102007961992
3107120741893118499
6387069708520464750
6185283052859219903
12647056295302376666
2086249431393891822
10751067471978834077
15149885629845801000
9759464431250290953
15835985062984550431
10432644394153469620
8865917402646380982
3178584292368648879
16401036246625789904
7198071560663649662
16872464513487772616
2522607032197600235
5902337593889298268
6655082653577975623
11788352410205648160
11189570703621421448
7923707289159717620
1280398411252230603
5046624176343966818
4707951560542076375
7412163343110123719
3701927452465849911
7751657862973801577
8942588660372703656
12682503074308133733
18227282537367048933
1431421351970049687
14959303504145892511
788391370514730651
7237814012730898851
3546617573544567183
17277060945801984035
3811982026199375931
1018298370030626494
5547879038583915187
8635073805061504076
16992461695297954772
13586468132034158850
5428556302976989713
17148600268784416530
5550663822027507663
10629201928665905536
1774296554670712073
18193280674666860514
810316835852742311
11072202625934779116
9512775013423297161
5826097693631279539
10351308445700387351
16789265637852259929
14500380408730006504
18118790860915684121
4649121514207743995
9270679147846753149
15457320212669650446
16419563090589498702
11105194521800685808
10804912011475791543
2305668992049048654
8832568826031772064
18407404673959327655
8809773467735612163
15370168463518703961
5228053847090254205
15214674026744724233
18368166639158092354
17328665333229876251
6698642989486979907
17862168490615281935
8051430607430248484
17822234679679779523
13745256603241509997
13695309870089891361
16788998247189744379
9452078614192342556
571139442734318182
5816354684205931793
11409656248496824467
9787797740612790817
12225756238676390871
12803840316851696197
1981997005528217860
2454520058605653808
1761421412438791992
6052062908095987598
14195897430981306056
12710805295226937281
13228323085434551858
15151382709436840552
13339870423637789879
10315678561243519844
16393078614778967498
3018179220367279059
7524438182401012975
13065036058488908166
6663609335576571140
7585158093345609945
16308510183717793866
5032420495462654971
260287046519933940
2719821296557181603
13373280767704914949
8779863932549716981
6426440462679671874
16735383797335259332
17729969263882923548
16936692425996543153
18182893929032318546
12525292415417934640
8929607669048204516
3447187150752845500
3909892491064303760
9861007892952007693
17971786556328690699
1881469061560987005
248754479340602936
16809226870222032224
5253775247900957412
3697270206819268682
4141127097083994889
7360564031475876751
11625048261774732086
16619004934594794921
9370186472846566214
11896653632426803396
8949156788370820832
13426551773407490792
12234892851007525638
5906608092540353209
1429605400283037887
282924200007900645
6676302047069631853
7046260022026166999
3925281196978721695
4161761340689146617
5868712501137354856
12597331176848759154
18322995207340122963
10069636441207294353
16613768047671532487
3959097027094325050
10018411405391454633
17998527393681696943
10543610029652318148
279202851123028737
11051704155116822122
14343178167118682034
674610800039072564
13513506976105187702
18418664347182522631
16620959724149496815
14868125623942779757
12758205000174770578
5785495008028037052
17978444964223819832
6540728797564087401
7121230764740718050
11706993342289792069
4048204040482780405
2109502612953301840
4118521053449647700
5927309828049799266
7004283876588097487
580369374559472522
7679297153370325008
5498128959365869326
5620673668849762325
14856227646747895455
15867764589170498494
974428611521781289
5862406603335585231
11140698971614836531
4048059012941504456
13702654124064042166
5411772743927752435
7260187080998563957
7817911912789486991
7722637936464692713
7950177023162953531
7626866516975883394
766213915820891888
11889825022495520621
14743700391980697687
17082814993398986800
547782016749736594
13704004634776949001
13318948443984212651
18167969602547689863
17116064205705690899
6013281569765012654
16222388312736693841
15448065782918748590
14339735581199098987
15509794208597546135
12437396764066185754
8709129541404339468
8791489040419415974
7539575337734917599
16648409779373289657
10042109763433566162
2749551489270759241
8442066765351192633
15404540868805877869
6052140292705437124
7360934935551555103
16994722334177428723
711035574042582337
5629686636493407508
15126073729750926349
16728030154981795761
2922722451127895044
13313995080094539236
3161433128749628481
307714097874082051
5957530407314328840
10128202660576094095
4503111603698647854
10803758976922050890
13184809484255637039
3957799619804015200
9650982093494869820
12679728682802105223
15488238393756470556
15794209810228783550
7936515346436986830
7777360251097824466
6847597068009544984
1287233383545165601
11100635427931614583
13659691412490062317
1708253121150809224
17097318420914900785
14707541189962952872
724959704278750668
5797776224126914137
10228629591128242658
12922565536743591796
2059969081572964879
678087331235955319
15381842881200008964
11914733247804709051
11680913129749016269
4163014333930281689
12282306875973083926
16225358721593601237
4545976227700142340
13207801745440329458
11067648495635298354
14532121714668682060
16666888443088467325
14539118474217415501
4278163361020306065
14442897456111482720
5567243960199149575
10748405587373542258
5396562503477363917
1199277113098875731
11113737791080914220
11443085095509908640
7562290676374109766
514657516183183454
13066008149333306890
16409811142764114286
10063225454194267653
4824443457126954916
11255466438471284060
12149975762659134515
8127515058413799713
9753820851080488282
11422243233497284873
4278637218748628629
13868321114751524401
17472871909222932303
16737558449378469038
9869028616786823435
70309997293624607
5844725844508952356
5114764712909309847
1277388193100581516
14914219523468455909
11731989163317179336
11974563536508513687
16905373231800611927
3772190086155389468
11352533774779425693
6833372321421698995
7814684522956359404
17677463623855286103
7663929114035368446
7337961910047258714
10275218323617117
11123909285700281751
8123408745816617774
8627850271383412199
11906075640575678735
16681249261825180432
1888911413222730054
6675654442969855424
15940958766091818988
628924032588770375
9528845563039410881
2073880236062541084
18289846965737962531
16306190951328834099
14346026631303399878
1455036190701144971
13597739286625608033
11532957336565985401
9424306422355434684
7002352627527288262
14235876137820645070
12254460952863214144
14865354284210715727
16939485543532065100
6766202641536442050
12853289219607662161
6097826593006752496
12039261955628372740
578432363756713857
13734550970636837382
15495568032446495666
17885385982669688374
976577894862365334
2787625700222732995
2883468773717926688
5729252581547764309
13523996566940329529
6803949326849258918
18362045106466536977
6212291016059182720
4112838450884439659
666846082491885013
15307084278518550238
8274801579504156235
6528418514292501327
11780072178501945091
10735223984629146312
4635102500310563389
6506944989044534922
15367739936622649040
10020372417982856430
11458204747081230482
5676210088423386134
12050829037779090044
3612024992938775905
11766694949016122866
13830627709731699846
17972086504674246693
1171661974517120159
12847580529584219051
1125322586473120709
15746187175461717308
4675364715960861983
6468210697969381284
8078207070673422339
11627514966026718587
5608391837603439224
9997548323961515349
6869096168634181402
16638405007680750264
12015521158587610400
11982287033255893051
1694695615366653198
6696462624191901722
5576542804421163105
11094137363068251446
10006726640342374208
14771735990133066581
15629861048998419866
3916274841245104799
5756460321588259262
6772145342363660170
4550245288671294178
15903807082958357692
13327463080287069353
233431752206850207
2296655258740846927
12833061461082157676
1331313484803091163
10788890696646395000
12380443525363728014
8053539258017644118
17579045715757788419
16122136682636028327
12648557854884398554
7201629831270232631
6514895877123236945
4988540927820999911
5666479153672146354
15599173528612734319
12607437715038556134
10576315955993563756
15778180583415278592
17819216683273185093
5869921240446659790
8071004366455311453
13888519002989522970
8843128910969621913
12450264781953886188
818908222979640732
15724143282424641599
13444689041534505880
522869102707840900
12816362411296208324
20783957745382109
11597543446817199668
10016883767103518060
5903114144738542072
5343519005787820941
11717600625423504249
11439543779572665893
17388613036799934888
16949909482065194390
7775999954995492160
8960141913950783971
14310147028893438067
14517354455482312877
9521755468836182732
5562037868973492640
13526068868219214704
12593163951714976391
2960515871250856610
12157168419566601308
10875108079177587237
7636954478602096312
5893144972901749875
15362851225660128385
17876228930013882121
3941491867627745606
17980098127201642340
2944804219161205820
65917189910176273
7622555669328559274
5018447171751926902
8092318241259410743
415143320724732822
6968798914259801418
14751334477674438855
6908037165849122406
49256135829909924
17728320171385019055
15699815712238042215
16043229918989790164
10014385747280111532
10292822331032617936
8985979466796754106
1743323835131468866
9305394033624006437
2634040479830562751
2801010552269065619
14057735965605352335
6968514888440744174
1851865014328632392
12593722643918894464
11854453443963388889
13823093450796077450
18073404122881090950
17746938439901677089
14132362114604009478
17357242700381295508
1818170113546769309
4322281668562212231
11919919492702780772
17023510259031155281
6040353757908827175
4604818779195378206
16340162025870181050
11054112873427702966
2383302394808068100
9731318949012786264
8695166183662276230
1282093536154389874
13157375854496934436
11326925429654091305
10185960359783543987
230354509592607593
8028976473086565084
9115460502759006154
10307701349388971105
16705732668889982229
3697923808009343287
12998093017667873976
11084884298771136662
17982684241223216985
13600705118531139814
1905883798245934795
13019637235630007349
17641840584825135716
4963902519302373687
2325317186978888381
17354068652914258794
18358405004743688930
6140446087319169701
4731809322184191084
153516278667027213
2983391494166977332
10184238808352022032
15892427592727903788
14831775360729953622
1936485174995128065
4667856977155683871
6745376226892644330
11920557970475700562
13957638648221864273
16763505892980577336
6265259287413110026
979382284291806127
15112973242323722329
8075791902005361016
10681126586990369423
7098052921688039030
1275816187278224085
15475939501310899521
12646622227871210322
10884411708088568319
8090915388732775594
7019905184657112321
1754539813777370024
176333261217893990
15317823185913381056
13110462994966515156
13916740025972281664
8512040607066381700
13785486756191664148
10744605395623298776
8583583954697916741
8888337185081180547
12622165523379547786
10786203546009133904
14275551779932477820
16350563648358433543
18211351284529764251
1660618908088472276
2678896085211539798
1783004281717334063
3514184549448271555
10935573361675798255
16441667061128170499
12507771892474377905
3252738076468665827
10178106452299675104
7897986726817974926
13838855367198531178
18220143875386331574
2348758641134923207
11522133478311650593
1005398197249517424
9405403173912234670
17336094493201658725
11614791691961407062
16416086377437828363
13484117738486627301
10300192519571610401
14357226815361440110
2245168676726745416
7071451486478248193
15084547329097476108
5374853956129172837
17101790528896161589
14128110088927630374
2862257357649364793
16224850715201823510
3552504390432065694
18416286880459580919
17556623704216817079
1204100953451932714
15418271169093618385
9882656666905121084
18072305565382711123
18007877506733241155
10069386151499665521
3640952006563027886
6905051124415207651
12526080825343300875
8283381154880058817
16836656793543470252
2866910481321411238
17635453502667055189
15755322736646171179
7448476647619035427
3887852800115846547
4246176044975029005
4923386894318903093
6331250354993229137
1464037814371135819
16609257268666735752
6298114077046976991
2069285655831861223
12631817929969784887
12928335753072837522
13081006318169770828
3702141457101476571
14141847520076863689
17619133098842071868
18249372308264900572
2047705691642513968
1905847768304935247
14241151205383406444
8123772979898048191
6397739015171206233
4123858783785118761
16380611446131573892
1572219292235460927
10408225735532582183
8064333005405185458
15532838998301231251
8406468070847386114
16886283736145541408
6054328575984424684
3115634721584679202
6090068990887469713
5550125787486946644
7844083478895607484
3703237254264188559
11747593162296228029
14646024242211417444
2316306204602577597
16012848283287839810
9408058912978092314
9745508914917120706
5447751647689686970
6357487612083169525
10909159626747981921
10271445467188394558
7817487320488066950
10681656648648747595
11528409442463524415
11657789609202484763
18107187630794325221
9415348945176837109
31435345981146251
344997413775015650
11258996310491809497
17674852832589178789
18192032878081285185
15374725733329666834
12779922461036696185
12776821281900767749
15311538718689788260
5565192107586430477
17952133440040016285
5733209154745627227
9821068975652532289
12591687956915968708
2401373662450367293
17704019722134320403
8718817359389835253
523152879327723296
16804941993659133252
12575454497643242016
275206212103939968
14102343946851843013
10856091817921632421
18313467093873921046
12807243350745083474
13730139617660296059
2236325222985260467
9277868618629761509
13957565017793965851
805897544733153372
5484710829383141251
12472363838705559266
2529299698985498323
12957540631888328059
675114797859434740
13318131256243835155
13450985302622994419
16885014755771063362
6074354962864408810
15850937256936990886
8702016872827105049
18400368940143529963
6884811049570404224
17390391749690721988
6046643691050918403
13966826431460739642
16684997496578620657
3018228991539502541
1175564073759869675
14293647817821566705
12451719296391585522
9362767144064859195
3337080427415576639
432691389398179986
11940063780168199571
13246364555251920750
15659048727951409093
11589423660057858179
8165738518577997064
6120702175019669699
10135265402575094151
4973514203314314985
5374146471885993920
649707792549758821
7020343112225339913
11780907256761795288
3606959875684382313
11699602090541211127
14425330264533626151
6204075719180214427
14836420871593107652
11314627994867371213
8593544145437741643
1147572241579937320
7147672400146964396
2812292817047342512
12809200346927022296
11119323096453991137
7515758749747070085
10694849406646135156
14622099953547178968
1799143014613069087
16647394976910558202
14897304576144295961
2669978671441592330
1300311198340630104
100045365551207108
16101236335628668185
17973855366627753219
3777656965580795297
3333695076310470384
223136896542641604
5164161052365548521
13289348707446718964
16565033211382691809
15374539906836676842
5018254205702351823
1665293582134345023
14290483400375782278
9371347706383772913
917428058936616163
5767526651528592054
6976748258889504529
1474991620606722898
5667068367531242855
1065105580205997787
6043050814000048142
1469982596455866067
6959704133862657877
2907236470838280897
12633344350497566708
5669014673794509230
481846942214466883
11321005361847216222
1185597081759828392
8676240067231605434
10078492100085937765
8286570313303931818
17117362246620482413
14816443146306817855
15913434339895212909
2239687839364990917
18285351628324237794
11267400703350142566
15513561879167858293
2184938356386803231
12630277772767162236
8478749426248255846
11107053954803044546
1962978276457534916
3864243029486631454
13296825224254560952
17969658248171952027
12762057300739717030
17332435888930668921
12762299493188387719
3073634033753740382
10623904262146166566
9352132677805158795
4035414863337792345
9832600543302799102
15968883394239484857
15358380917189168061
8198163589194609493
7703292187348467731
4688449386125496597
4770682610497711424
7830187501158146733
5319786473839108265
9634126837959594791
14522692120047696706
4227669318298463308
12527545403225098320
3120467557722054648
17181915680035819693
6740922067657367524
6094930437887151715
7732951822964491330
17569248282072948648
18152329977123642711
9747613815386731124
6027444801684298842
9315526647187245269
10566201231743371450
17911050251506181859
9489739167210669451
7893486650352974221
13292788091503887228
7463400817253531118
6923576503469046690
12821862983483707780
6998320612758380426