181070401363903383
27919303353355586
12630831218878981
82751969226267814
30230277111472666
184609922597032253
19757201004759764
60611680310755711
44669389971723242
206911847813858790
165695944985171725
82316090917876298
267095027294086456
154278325164152834
259742696288437225
6964113966286705
81530001846281236
206047153957288019
63008950119272702
46870773725676473
35143468264426407
74745342539703654
189196870165018998
215881064777221414
221985992450291025
48835989793969956
88014224430414606
87392796972946284
224726722473824147
191924683426898609
142000650491016238
218534160450511790
278244835396166548
19417829360733451
76370391083728409
69768834157810982
76842055176600080
35355402320280625
235642603423323300
9186378474536978
180235397729962194
9991603052765189
106120367512639997
166466664013130149
242087573664562766
206535207423903676
99149703463271906
114529680720711434
277170731735034203
48180973237294332
100683171964112176
179824083523053760
154150502793545337
13138238176125602
51557127625398343
205606036405754922
158443737390313525
260000549078497234
62335236375455323
84241096344424375
132007936736708110
18739018115246031
96533920878652846
93341463036750523
161727075589191858
32570921891434309
37348275064915633
258236931288750186
283627292181583530
142001180452264858
101380756946007503
207911247458751120
84904114912568565
137128632272453280
213314146154504
135930459886415082
93630953909378914
236600037787620688
181558552742008651
108927973587228290
26442934589546568
155109114423764245
159816453869019476
16623905817862180
260002873594306343
51306300806726534
52700904526265767
207269973167095339
218745541252821284
137238633573848303
38129269494666432
141920486566094002
143026507398741953
200216384497840959
276615802337482473
27987169050786998
269775482955850358
100461830252139078
57758787494976549
74547201621924865
161216237433294910
88416435740658152
8430139512869162
285581940407949810
192610573309685985
253559633849745044
285523654137554104
199160404188153024
68180675746459198
148815363260140698
233551125741266136
210949290436418465
194484655803713600
37806177112256809
177613731937393218
30293254736628890
122149503935394528
82531813078070195
224766733041241650
242067443789517950
217580588065567786
22233025519259392
34394581934266948
194561490893905616
565967753402175
87559517030333509
182778418449135809
109158821959455069
73003908280629159
1605352300035225
261735615824310612
162720615252329982
133270541183375409
105461662582852669
89141015993666423
185267329308070792
263677044714332841
233198463439633481
44631096177060376
153250648370620173
226015447716636847
129780046014113481
207236181862038433
102635874087815301
48069883214489820
47553840228382343
49664123804136812
244991162342984380
49407388629923357
94730778661548605
102531024640309729
159005363344702658
216031032219326259
2634964144041636
144095934935800902
17955610110723549
126323649074130734
201128154667972399
84644358346356411
56423786276332149
254273524918436653
103373181122971444
76716922770431694
94846863235234816
23632227969450363
16043925231522054
41277239706959324
277043307923640345
17449490632336123
60309438446435671
204623843963907406
161455936828710385
232183543224061769
146621344295056703
207776342871150205
206223632287950531
285466939550213810
172988927499219204
117329049371615838
179068307314975096
49200663484221312
193687749154443407
199421707135414575
151779437568027352
283715248174787377
214387602070468590
212589131798737860
144372829892857637
190383615538816582
36223554017850324
218490559192970729
265456175701874363
153795833209693361
14868602579374244
122305633979277568
38740753151575131
173246553058416629
160283317023692794
2996545884964186
184184783280093242
266910408844684896
190936503189456277
180599206735583016
61290559661211087
63589445564072664
253971815011634880
133026901177957694
1980999277592844
51007974299852869
285749811199534887
92301167805649638
198559711583880527
116131484477466834
127657282414867616
250759108370957918
276202404370988464
174247222179507786
266947417818876876
265312339908093099
270373604184705464
247581178838031536
282978100976104675
21827658900236727
30933715000650672
214172639471961724
182801054162224162
84708927740808072
158020776041470209
265308717820873007
264187794832101755
88968584734770074
65018894317414465
72564294315134532
50372567701070414
30075330533400796
223396007142816784
169203697912254787
93639825224232234
275919647037014544
214355424241689460
253034077186605170
108220364045660413
97479430099262704
187264458917004301
119076479905442983
36916385372764914
184896192450160591
200779241959156359
272988533518174034
113815050425232680
116306119524099482
284694170858215732
203022023211766540
189260589298162839
270106665821277314
131552255431853356
29206869116769060
129586225055623108
117515666179304795
170767617301203255
67181737954157925
173405919498899036
41770775343293753
112976132394042454
273876486810653943
71686453298562160
81338160177105344
105143748071984404
42549425138566014
165915415146477261
93511512402405134
238726428920175341
31079382950248985
163031102975934252
177014739394108510
10140444024034929
284882911333978100
108606728062208728
5644854273073211
44561469161001497
91624217796147449
138332951600098922
210947947315825318
238671584006502451
27716441671410681
212589467741232777
251413885420773132
17552758838232144
20015708881310704
137944896268773220
135180553700180878
74084704632027804
206092921279647653
91323827773718245
139823789711199512
157923048066735949
46751393147608705
215980690766464196
93314938074329292
182251837955282947
75834598668801854
7388216399030397
261894392671153475
85897319754313669
154194389412151126
72652635604100854
274387874751984902
75801808495613188
14377007192544285
18392325886721401
17387800487195489
67000477425033350
16529162879934996
47241546000033773
153503619606783307
65745587370469987
270183937202017979
78764021452147064
160734027175050723
179654896953811610
276764758077082323
158561024407657078
96247298252971980
268108751124116338
35214612108199159
179859300732852845
203727300801558498
106879357643461559
216444957429020886
128377179670935881
245585164639450551
193161190944394643
33605919574614977
160323418720176004
222220297134606715
40491691709995511
184150135397468312
15554220128055015
17891441838726718
78687301164734392
65516643885642815
11324735359485075
59888088332265352
165885582744592311
87487353370519090
33881484351163561
124382991423192853
197935463731412198
194476322438539322
37057510440281778
259697325237781401
178072336332325370
3121031686247596
107217582450709714
39083565911012739
198803626731340594
36715229507172940
278990542475913133
185862786777762894
148721837435755804
223661090997727785
210898847435908363
255192411175407077
100472142520561863
286141328550795092
142024682974364336
86134032257257152
286742136764635130
209954497407895880
110197781027785749
118128663195845423
219924574621939963
105699251066916325
141604318223591703
269084503320322570
61427516246296122
280217669734642621
110130668098949955
114490195351308274
225987701000043784
127083685264500742
28156355513900547
223156623980485593
68358149611230572
74137745506917414
41179367040601946
24266563199520005
105053516019276097
252056243406178775
112608998959411308
179258122084624354
218966289752003608
83580817640534559
34023840384229598
224243101169755506
286132920593459525
144343879111332090
99747571589846312
17036581139739653
130594373191492536
74179872932369198
178739151141072666
275689218727265449
34571133666211579
205987098276701393
9602648191592765
61115542943337285
8785681678569996
138383941409163653
35552087917904885
286646729618084146
1754980214434633
95728535429895490
173838396698864567
192578557265527437
127813810804057960
107206626410584190
79253626715660020
22868670038605253
50676404264832192
134860207887703065
262239863899638708
85566342346746042
49419767689357206
280310045103681602
28161517246529510
62857680376617480
140970004793111338
107561964753698350
223603529173106593
1289577275706807
189089591069338658
244081744062235547
220831006061680111
233648234396376356
63970641423258481
69182050789110744
107429415049549318
31372073148759590
22690062025522885
223977631550016661
248101524346812481
109612396539427797
108602899106735698
125852082972122395
74063151173012472
33878957118745123
103229313635519570
166801245166211693
247500485761274741
60817366476987741
261856698165407023
141460364205900364
10583283098793782
118856184340160964
177272980282383185
209560325774998839
59333494264238072
217893374167598485
87733106393761978
38701950133546536
253913187612835798
149623920472023583
207067402762117387
136498537926137274
229449978572586738
128961402979381682
94234909764423130
26526470787923944
278460676840752635
52087512285143466
140652468675997060
142940528866458714
239842057814468281
168833191831388804
30819215031916649
64848782468321965
88559567312283285
99015815548281079
24576170193565830
197007320718473272
159049495200186470
137993799513115746
231935903994597962
170853775546152563
23393801965854699
141588508209391614
149584165276965749
122286532526228753
260957668401926180
264906655957643131
91415599139143982
153229048299680444
34472041464161053
39310491828540195
79163069098587035
60675624795119932
83482484890515066
51143325705935163
120496811201849365
208978671393857177
43589202272583740
286540205508492353
15933217367747511
238686891110279692
129648094541601217
154653308490759211
74437928439127511
273549421469592660
279479177786877642
123037322530961145
44149810682306848
149248593646943041
210426693058926487
38316675850303973
255705333426548557
180011742698473472
40090474255689674
113026156099897162
109130807039106094
229009229935921373
268392095763543570
69645453650715082
50774535359856118
12667012776845139
164254391931717631
27401508726221305
174892688951839089
205504863647268957
21699381027273260
193086535904075010
240745301521937377
218751951346141574
147875366293023095
12191953384051274
136700303639675635
16603054597331516
121065542115924539
50706614644424432
235151838411899130
194300468650877185
22354459380216031
60837753959958099
132850237151354084
113015773782311859
25266558741620534
108533055278175924
263250821177223331
247110652462659633
166394791528820938
190371088597796013
131951587061864989
91043138822739720
221970049670776690
10045973585133027
274391668200286345
90352558325469808
104340002038780019
264191841348662143
194501929039861813
164572655290570540
254308269636845563
166570311114543081
192719009712664817
75202846293375995
199763343550954401
27676014365701046
181874476392050497
226298544506344882
116857634000166019
72779303478968992
52271116832672474
17050624585989460
1395931847640999
201384557616761073
228459797071559736
252424844427358157
99982889978521113
228309114505881858
244785835577557599
142053559597804257
56508515552093825
215129776461188128
233330624020761598
139585110732362741
233999048038871137
52278606490250348
81822369700081029
105513895599418958
283332793928826256
190488951945052688
18321112172685503
135210660826820301
238860238664691715
110829071735684101
130792188420404156
112009308037743662
239575373417811450
1879035925436812
107690933617209227
216575110570463228
261583100989118087
90796432055365887
172932722337626397
245012138655117999
79902085657566326
275913164373124884
139078901706095697
5955737834626233
154237617802657584
11560910657504602
44205627488968572
45852018620953151
15199384920994572
71333253815205108
153929885027142988
116962505539915081
61317969642018633
192119996506486442
46904620791786069
167012996377824429
228533109899708276
172670208665877258
239197653310523218
266926310589247282
115410037538360177
257360830048757032
5969522422936652
31530249321921786
12659034098746198
30046224867722172
122231526048217458
96329205346231580
61653180235736657
252193432187428157
219326199391034621
2480092649477294
145469189450003105
44429778268267056
5749087347768346
108068160139383587
44408017237037667
11781861100620654
12520601019124127
272363311792778831
152023439190581229
3991382677435466
281719561043069321
40095199797824910
185118006555686252
162724753761208421
31768230738872675
143887418244982672
49964343649743525
280298488915088700
209295874318348049
92227178883858497
189065132567552695
287603798042573670
100356568122618627
22249049989876506
260143171981627219
166944622269367228
58430536594001871
119656859234022756
13996857165116535
67116509628395019
45975279003241498
62407904470339865
261899969350553683
247566005124944933
153852151067110672
281551934207193645
124650771505555045
196263648286275928
25891986248151183
153583031519376718
63221955119217956
201183354408765412
258742164468701199
187749798748776418
36337437203634576
135410149517007035
168731795932186639
247092067929197935
131400495955572639
68301853882225512
145208056092626538
56073497991437445
50268360437463912
249817314301698344
259826186739024454
112660908314533131
127571951704372226
163335498808278604
218725009587914360
93541316029622411
56552828389389292
66194295731354599
29243661874566425
114461092877328233
105358139802995637
283434801424991799
97930031726975715
34477063098066746
186905643976180185
175379304056277068
75020914384729147
275223356624791376
261493139278243366
222538073012948348
3893242511411622
133626609477715341
165473116734559839
47471335655139434
36105018083829168
140959281545750170
210648729045866268
112662385112839317
90902521952069716
248275387023612968
66695998806142699
135962511952970244
262369718185960768
142802383166023256
90074096472893580
271531000739638722
158918504958385851
80123156987436905
235587414988854632
83487056312323759
59561430711892260
39333226947770631
136815913430454905
58941000005178051
184461663253621274
223614717203021736
251439199487253119
182608806994137433
236460542741980041
87757850794786751
172438338587242990
61126650607740835
61698648867868568
147532561002065966
43309764242974572
90380675313831360
5299321523166456
5660684507768587
200691268255080189
24146308796866632
49837029156471854
277354265147462322
37472628019587332
36074111399104606
168646727750388741
229453053737905260
279935672411365407
230775669316343944
157832137812070941
148347557240555419
257744220582641929
221939783003925277
101051511664715068
253838031301343392
104795420252453694
250396569304065972
258456772370650642
217679543670774401
56112090580653594
108921922088836361
278373117853156959
283247248232607562
241108640460253213
141595053564294686
69194419588251400
25834197900060853
129777666985980208
54864685375369536
236881303033645059
56399049507182512
53133743266611685
147556010543463789
114456624395745384
182901864813383520
7476031735625543
78441302526679632
285078916467003666
27380343204416591
194540522499481109
102250994198812152
203651142511013698
15578317273443937
89306744915279914
22675693013529670
236013232526931648
156414214906964299
187303606951440099
279743017307370879
2166659505897507
127448521413979218
133786909099101878
134508432333639952
282198124452839647
155732465955566355
220304439490629112
180111058633023562
10085405216197252
100400530941745010
156914089125748301
102116658331913496
180203702912760061
174120405053944226
136428393048478241
98884924405658111
197175722543470895
220590921923907629
47794678919600668
114658972998621334
18763313513333790
202831916707866824
135432354576046231
241835433334887272
816127100391837
58683121040131452
82691876563464985
4489336805356253
132610985811711634
20267913699232956
127295004342970160
66098371953459574
141289680072358743
226254166343418178
19478719614114754
14940418637736883
94969414613248544
64328842546718634
60577517486916040
154421373980813271
129658538618124479
172326223035736022
160456827396742249
258738904966588806
160340831320706143
45500245924581036
70077878672813384
191442464175089702
220020469075239477
251885174526005018
113805970252926680
37124658975982869
255390686329163799
98623061625129021
183690877310203267
241263343398057024
120372086846096561
5516977237927053
123600229284432695
78487405173232125
99663636225709046
272099919670380652
32273921027990367
147369082216876162
61741420017212719
276851563348832310
15868792979632586
173660849881418334
193172182627318071
120939082099879805
198288183256224428
198959939827626818
122603164556742913
216319347580499532
196875337621681718
252399481791609842
150632818278710065
82349744995374646
87721214816068006
152699902806846520
205273067079566863
214181751719548836
165949987713997052
118232490465346762
285155545560420057
48692224759780535
260089427905602148
209987129580714004
81668620880318333
266594138057110925
205179209628971372
240736434967436482
226986675795896815
37175895950651536
169264240442434534
74050316133114392
26039828243880318
231702915992350482
35248441752605859
272588031921035541
217375905168788356
7110811398593428
56065623503343269
151098642886842159
147586860015090035
32385965048972300
164239283025600961
90608782181991839
34513567665616646
66735314528127306
197178612727495441
183223051940868631
58839359717839476
234861864429871990
23012636111649388
140868998032236106
155429549688212313
15987379765553755
147038035307960936
219144781296246201
69644656760439002
237809797856600781
66592818331806925
75558820165871898
63342560698108016
31833287980499049
113638999239111892
244819804187841313
198449038816215021
252617767758989586
143686849378125616
232653806250362873
3969247204473059
219667398992046684
189276084058578378
53647582923174038
9360499807854170
257608346052569906
97951287308922252
23301241379438996
59556854289028173
116156849450012529
116514881120534222
241300684212238552
287384556289086662
139106122512354339
253496496711373989
40563078581562907
281428628237287086
173473271212282471
95012533402998582
191952760628370482
46536773521506422
195174169326812551
179626934031445959
78010471363907223
64135536061088639
157586554127016079
226630899812758262
114617812200717385
58303333681984409
56635037723920032
60360244986046698
45263476349076042
272326667865972673
235728717122456058
217995256045972950
67620024118175601
128728330059145970
54695604658505356
210256880390509652
187323038513608018
54897417087179039
112379228550595774
287466312407655503
187912237020759280
95954815075241661
165289452932155644
133117565305389743
7219815354280124
53941955279317072
105980508031632617
143696790977567336
76655924983891911
5129497448846330
182757046453879020
167177152649245342
150139596360489591
148071839556838580
86934660632585628
218830920544727320
215244813530748853
48997820053322770
132629830281690901
280088218701906779
268058895832182718
85243490704109648
62557502430009570
266969228936191096
25972070377276890
213208634090039766
246696396507909733
24982409287628423
216882640635457372
143735896076632867
97027791886802003
218875832082496878
184435382939937606
209378813872203301
168921573135872733
262606083535357183
237158184317804041
247879417098354755
59356826641698007
105044872131935322
234196581165068909
236513462744320704
188393306245298633
41126951555040340
52715127753840404
277659840835547049
267136448641763636
273269166646426308
16127443476666391
132830848158395344