1
85100811348556653
8713384291351227
164055430638770543
179246385905362438
28133603095387109
192014686236329522
14110678920874275
119464826350785041
24044400230323390
47832758282793489
52677506162752618
203632349980097968
260901429737366068
284549566388748801
74826503740590966
229252123776393714
101326843509382739
147454104295345014
217732007170020653
195611447449952759
231612481980351728
177049256096947967
107141607595910294
229271526962326074
92352914909111356
173718680689394743
38546852821173858
204538180166802403
51619030382467464
61549256500254099
255238457971002818
123753278075988304
243676817004323621
125359581525762447
147536889754357246
19828142026849898
217480243364009357
94655884666897155
191103870751225153
174080621437905422
109100334949049200
28680257801052499
185801428495176580
177425491739182999
84983759730238156
98778518711430253
163277077301972270
112044779015104961
172947433477753639
70828028777285193
108591170201749310
131618392479284202
50102102229998065
58059085092214841
20712310421950398
199310914885088430
222211834028709485
152431683189986064
74606953023085270
14202793669606378
52762623817985804
137182950390147748
277327717975599663
279497936192386708
256497170002062247
212283321532847351
200246062330065147
158476454081653675
253160329886992592
88292065946452678
276584506117136322
59526272657690789
56496894786817204
144634117653724687
150724524285150797
203936551728668501
43773423722093511
91298815497654367
175810645246251657
10692742717013296
219946167936367672
237953534700404315
127488679414387025
131716970086675365
177535698387513303
186942811802645454
206765190532550123
62788661050469078
130026793430917208
177944915211795808
7325503789598388
230656350287137464
39296644163428205
169358520167969618
125927180337093390
62760213043881272
8921806671695864
84611836201798742
214285926575083448
74722768113432
65361933892483478
284627249598704103
58739983417450666
14333342490961616
86854952070476477
114416278432341388
279105239263071405
196519841495873048
116696906056286639
222805257496685869
54096100183760176
177138405474741175
53019083649072950
268448812999435443
203439419095568168
100107522150456342
126891173135679016
145773842252428762
93830143624306458
246718059122366838
248062481860862098
31886396101902991
274847734908141641
41504541746162438
22861454284123421
114342095136326442
113356277422563614
234517134168698947
269681662215511278
245991457333415257
244040376668213479
173200564502819482
170502343295248891
2080576525606325
285411870426008722
233057610814819133
58538734949476519
177845721359166107
240105846984741828
165444150320319504
128148472326084745
143788987347312748
93971321829301919
152348698686761410
112185062102011168
238309411949115256
65433936658603300
123840387994212199
233097228337931419
82051439449034414
35587111777019923
148391290890566213
268975181621966513
84928022159046234
97316274120062049
101962167029851530
24070350612554330
208702526974002247
40903372167771961
144346014234454096
255585887146657629
267349871589694516
42368419452322555
248731155267253427
4119448678383901
4409485368827116
158754377375738482
127751925872883430
288166077163554650
25107970003083603
146070485775187291
7071374523247247
171448214045212065
60497541875143204
152908190993938062
279923100791277020
34960179435236151
63983935664684044
34970310617617923
42829509187240736
238277456599208856
91404788305156843
189714803225562818
40111357987736769
191418309384265445
241126206190019621
131304003366799950
197223610144293793
74473222095803119
101915476766958859
81572257040321477
7931366515572019
260857863043084797
97017773799293874
69446681172726330
227550282486152769
114867980751842393
237264632351160926
27568364789360558
209916181186890800
90894855312764481
66852431626128755
257518358520966901
118759694047022620
32134151839910871
108928706695808949
229547756597599602
42478630626469325
102422196535463639
96256793795266434
199716288781155832
211569747109320863
9051761968898582
187176638060409419
33198288014428300
243653963764559462
2649485968874745
48548761592086186
99797964195645026
96645047700937672
197610254614124910
32597647365533729
167985429249690768
236716962966370917
152491631738305300
247437266609165248
163010068658668812
138529959416367421
49665379568266491
256266191353560744
112469868135383911
263632258023280166
39415734878092545
92224024904532081
103985666462169169
184193006409486811
174837042244107072
123807926393136423
20006225175818662
78853502755384567
73561743133479352
115815052236110496
57842616444786303
121119654108981141
139727947818341366
198164110536089935
284801289646396566
22365958624534887
233739117252309466
12318615164294242
113090843948934759
55415899586640950
269954077278190528
59562219159372867
15910912031730574
86685609977884762
134923028204103258
265507213989064502
212288564563060884
84821192234026313
267946879199790779
86729122219190900
166081280135426016
27723383666733422
284270010541706054
12661200560200718
173003166030253051
148637109584758029
91032776463000386
161739194464089239
262332275591475114
226568443886435330
283106107201843774
72642523659505291
144854361685124045
241520628322994179
256555673290493731
173518664403157909
168826750179330836
36026078000770993
138008887906764090
287615698030651281
137652710433386546
240158882242510466
81688341360795670
237729281667916722
287002603736881901
270760395831751447
104666296710747448
279096382665899477
125803603241113723
278472416870032172
214769634425676063
213989216720181922
262328097612373308
147688728346774242
8924053792724863
90880541940729308
178275878882785684
152934339697094417
191027441229343040
200060004950833341
30968703211382365
38351875915718246
27522209569359645
94563482939011901
221810897359111277
198606332737946297
206692548209941309
236740354834980913
208435475369367126
161182477519450613
256141853355954128
47159050318244767
117569346600030865
204141188413915300
104118895868397241
118518095208540314
254820471620623121
78631570241614041
4066985101874488
42497207758711398
208957511995416022
137185373946106874
100413132229382716
261490371833396872
277030769748206113
264635819156229834
284107717641166315
195707693990930260
139525119828896041
53862299230520100
61092070172887560
154078248327394827
280809164942671708
29397954086894182
3886788739697418
262644169847252846
82090238248462959
57769846981558462
64705110891945696
115008812991825284
181641379090253421
259671952103076883
146409163638246323
185885213006692578
139830574818311960
209789871459518876
191170200797017039
92290751445954823
22337584379425324
4420690625124013
104317219485476340
110097812844172941
61332518702800371
65027520948276233
91698632830282898
196833299638287037
286296800114726039
157338069393884098
259590125744900897
61860891048356741
156537678209261500
281226990526312484
164743906713338542
4362544548797882
172682877423722432
224112158861258071
10540793750611857
211148546501670564
287791630424763725
259702495689869104
232314462874135647
199346953127756287
90398359500449641
280913202566033114
102198887461951937
111269230699087951
182921770973301397
63253188132551534
32960978327399557
64351891460158976
92614216063289959
109441935571703021
9068271477492918
119989018021426675
85908264990102696
87823026075788769
232128556980465556
247933821705820750
15225447055029780
91600103177130235
174073421431504085
63250922077219097
214103970688528043
84558949123881947
113440423140617071
122154873637351358
120666217757276257
124221515986937037
119169789327763420
11972092434702967
185778515976516271
230370318624727866
266918984271893308
8559094011715729
214125072418417215
208108569437279940
283874525039843962
267438503214185626
93957524527590340
253474817386543261
241376027858136319
224058368456264579
242340534509367654
194334324438559008
136080149084460209
137367016256570944
117805864652123155
260131402802740922
156907965053669540
42961742019861108
131907293208629256
240695951075122627
94564692073534550
115014608368007759
265542536471556287
11109930844416770
87963853695220743
236344902027388453
261375471171623989
45667538298879201
208031173126503783
49397392636719263
4808032779283147
93086412614298294
158253166571521711
70361118807800372
168808734014428636
206012648191520678
61840619059445647
150796595210876628
198120760668808234
242003724902475805
246784528284856307
124008052288093780
121521253923419050
106993704187662825
20113021617895785
173447428561453662
213432678320184522
26691455017984808
267145600326829493
229805331093200531
11327495379356928
90590253501994620
159822337361399233
201915086511644447
32187016899581693
10595114550563157
240341295018780880
186167706996972390
182514267652351723
65047098967668971
191911044937103982
253521230024932445
71030878557823809
206371902272531543
172932007744323655
227064401791727199
260420131923290610
227173726159676173
66846302515950832
225670272751770781
86988186878122838
167943837302733078
84321289116844596
18738704892172330
173652152985661495
178798204617365191
118160791818360578
8041523690363270
204156377333359032
256403299105722080
157237897721805543
75381929017618312
175866663101136307
189843371291573258
126992422787731863
152403450798152122
178472550523417903
66853706542955873
216692517418020284
273013623581643236
261524350771572028
154203572137313839
1098593707713025
91323841320464061
79918198639218188
19959190517199139
233034680054224429
183312330676854373
187102555257969457
264146456746918346
58940470096185499
177383340230951214
106771442522227703
122104445671208733
276210369122774173
119748892406817948
114655654844503082
160550286306538
173811082589089133
126928261653400887
134810160490383058
186032431884018774
260644519716051781
29514240831608932
104307100671417332
249077480720216529
9826938009200794
148888211922509838
32404378688481349
285778858839692216
254784233614545620
224156666114144293
22734940479708298
212464676353552300
180202458383866570
147254787849322501
109411759805127873
222435564653476029
191475952388512211
232271160690822141
264679461617722370
105721916274020429
200832644056395408
95278540515742694
188113468056717384
9038005683699810
214602358916228032
242118250507007462
279459155979249624
15259029607226410
43556651565985774
45054199589348367
89519571586695267
211312446358469676
106311708232033268
286906954788576336
97067047125937145
64263100795077589
10419470038937036
239173191851882938
129293774679768978
102006539285833380
184063627789116434
167737874759851865
72423476567361816
101671015453833862
240120936509759603
156568319031002157
179034449173167125
88690782631626752
188294203715322365
56437890514675592
183854608578400435
216103557964585450
280813851635571021
18307218351832344
200743445774779098
17583165413644760
246034174616620801
73052573686897812
101065792155784509
126221985479288368
181679921344190715
87631122462564946
156211692561918657
107329627634922812
259975078245044974
187742518102955425
187223234894647275
26479618990107343
104632228503011847
87133481319091818
173345896297963600
156355103755369595
230808374845858686
244216578890631546
61191794394462589
89944692524828055
105814770974445724
71097582635498065
248496985671256122
208241610629512093
3647371128232501
35885238417830323
200516585329434360
20801773200050960
168576417135121483
193444430083832992
125836550906541784
274672589308750575
251908385666220162
197633716482594005
112525466113611777
101795248080063597
77945951997213093
88538736776138611
243737086384605148
196991214297502635
165254936812420570
246534071615895260
278425260676179128
91717519381990790
126109443225880371
217008109421739052
138173889233918015
194535387218054353
12795440984058523
245689738787916449
210073266274003523
8169829729811059
200255662676528868
324749339771637
181211616356541922
156513808861012488
92236158511551517
83492484465445381
183087509772265671
178742871555845766
271697078700033733
264842335657302536
121499999296820105
140002217405498906
223596047326488568
226833663366940151
148777429200584384
86906841702721938
211344826065952261
196768186745571673
46258060488300551
189955756555752441
169923563737171534
119327413728173017
92080390201601619
240044550400970208
279316077031502633
61585810431691402
280939033237561594
46012565924399726
1029956092346636
119102432333273972
78413237058633887
126442472519694465
6486614386324780
108887483035323324
230489601213692587
107938080716406343
769627122342441
277005002677926352
245309620503750785
250675467484247533
156474777301271756
160825348922405225
140405929168717241
27239434923932685
145396781775393697
41156882497357807
43765789879209748
219652124462611724
108883045131900554
28935390848888582
196776916311257894
185225835061951642
215985835168716335
282396939420053165
277295913123499171
220818158040715891
271206917193492430
28408908024171904
67535651071293204
186248742073504771
265992347797395822
94380527467337496
71950293424936987
255315031654254234
172720513647329950
37239099918880827
152051858578344233
135861971619740443
20032711502414904
205583997726540895
176983209838367813
159155630621638231
3599289212384954
125452757391993625
142429070355627688
161057833584223273
261027072951439358
57780059500153379
203095203401086507
173201317168321163
280979441269148703
212511017477076240
29779434347596540
203431831806744884
275653759137928002
77560976864109509
36333081046549778
271157322701819975
286850078199156828
95944470114374298
73934520659137442
2398691854172607
46615492096364983
159128731380520697
248319181136405257
231746490011435166
30257580859302746
72935265268066889
105396503545211048
186258718288706644
218088103878494523
261929779577855022
97894676365842365
15302848192061428
236140206911338364
126184248468849905
166892602921745868
110907076901389795
19934627926224801
241811554708013733
197603472310512935
170068932938905632
126420552948965788
109686018510281409
27414684590274913
2755207206529946
239340987279927191
204850984296378000
217449062905844713
133000634485429225
215398230565522302
167884459306635516
134118499292172103
138880268516911209
197221336302830659
168534430406414273
223055496561473495
255477557005633200
284552363820813961
25947170438885698
41857751331435663
27859441901836908
54909133585136266
170868333776206202
256901047830160522
195433935819937151
50824032444829404
159032913317202764
123406042606546642
216232115112504706
284689748052947843
36699353767737869
180033335598642567
15709346832025719
146959424592397463
270876476456310563
181481120186920197
256501349647498875
210689339663880499
160940508118326997
224331668990051194
35080760573859884
110491429476236760
235696052017178210
83982093064529067
267215477014036702
220751720139522459
44722771213277045
253513292425060917
55507881100508126
287754482507217756
274322245378422853
18814077397688855
240910487017118600
154416510420412267
282379774459140978
281373086042742881
157334158617202397
56889875102554587
107891423819001419
195720012896014109
129427830545017473
263072762399150370
44795476270652780
275553960979207981
246176917760127911
116382447619062314
60747700001817872
66346500702743314
76927920223742700
98925786796781858
22875590849551923
259519644822950939
98408032453871602
32332588372376967
197372155155803133
202005246141788923
204390723721428811
57845960267217970
220966367501229257
275298954669442584
285146442316675542
31995401431918373
29778871379768422
222517987584144186
126933952810923238
99964672112062883
64435293496650722
255947053845838578
24565926441182219
162628527117717397
126005203209472139
242700609348487780
131351063607007208
263848183377307831
94598883999768735
48681792524766839
95157327982628885
86720715429494633
122563804357759543
57863082097885347
183556143160902040
228844128784582667
36192284446919904
250200754426404498
147000920515301494
152273576795599487
85121119495162246
99335743938812229
170455619167959019
160491335424839192
122148239382641669
166900885135158028
180131397538515608
182152962643812122
282924806731197518
147114827268406896
491177280955473
5390584590235309
175921817351457024
276169575509241241
284250513720056437
240230089583306770
199686288453723918
199637832529725030
239242792479558541
86956126681049098
280502085000661131
89581393042911883
153454202744590444
196745124326837175
37521463475791788
276625308158384137
136231521240483600
8174263739496722
262577218650957541
196491476525700788
4300097064124612
220349124169588230
169626434655047202
286147923341816615
200113177355417524
214533431525969565
34942581609149164
144966697166108565
218086953403058610
12592149136457132
85698606709122543
194880684979799289
39520307796653466
202461572373281021
10548668716555017
208095800878836540
210171645353511169
263828355558956609
94911796294768527
247670894639672160
135969013637940907
287505764689779428
107575172649551325
271724871088952285
94478807672682684
218231662991601969
260703085884074292
47159827992810759
18368188652500313
223338247153490545
194558114006143408
146293236626032136
52141881678375054
6760802959347427
186563496565151980
206974446175837734
244672636374272061
181084744688427195
127589664352797523
95635971484694571
158363521915256101
77711159426796111
83971038623229395
10151684258591280
109692861128534966
184076675886926595
56358748057575682
182806282664729805
225395785383366737
96938683112203249
231819076118671957
176791062419825287
134274127272481887
17930816274688814
111682381252310603
43942075266370347
200143755420760322
173739423382115833
117433730464812990
167107021978867235
228470311774203893
28111609603332800
260115546514260741
232770384002284396
41718416741280216
20317362474074944
1563208836737811
251581817744230118
280841490103594564
59025890087207476
52088985567357762
3486514008479221
80690016443222016
207646073553881542
258828643927887664
240227186044353801
78410221964109276
26020212220852469
223288803130900157
146427307912265180
14334813420886461
90117603930145777
109011691545162451
23046744071982993
88547943242686995
16642274690720844
94422668968762829
22968478069625845
108745377091617938
45425569856853949
197396005476549727
88578354278050536
7528858472102008
176890708778885378
18524954402499688
135566251050511174
157476439063862919
129477661145390495
267458785103479246
231506924161073639
248647411560894504
34995122490082459
285708619192602758
176053135989868495
242399404362028789
34139661818548167
197348090199512151
132480459785145942
173547718043819768
30671535569652906
60378797335736339
207762894129004088
280775910127722662
199407145324083583
270819310764576340
199410929581094063
48025531777408336
165998504096055084
146127073090724296
63053357239661070
153634383489125886
249513803035023864
239974701831111444
128096306081182157
120363940427335203
73257021658220254
74541915789036275
122346679705611691
83121663653746698
150533231843137922
226917064375774284
66057333098421938
195742896925417197
48757305589413340
268467432500594020
105326907307159839
95233288091998926
120827372233835631
274519504407424934
283630155892593194
152306465865437154
94178825026329215
145555103862319324
165096894246011295
279860160179819886
148277174487685675
123335728911780997
207699813929774803
116615637769601339
108180882866717691
200341609116958558
109348759574363680